0 2.0214429980000001e-01 3.8583732840000003e-02 "top_layer" 2.0214429980000001e-01 3.9033999909999999e-02 "top_layer" 0
0 2.0214429980000001e-01 3.8444266519999999e-02 "top_layer" 2.0214429980000001e-01 3.8583732840000003e-02 "top_layer" 0
0 2.0214429980000001e-01 3.7243999680000001e-02 "top_layer" 2.0214429980000001e-01 3.8444266519999999e-02 "top_layer" 0
0 2.0214429980000001e-01 3.6043732840000002e-02 "top_layer" 2.0214429980000001e-01 3.7243999680000001e-02 "top_layer" 0
0 2.0214429979999998e-01 3.4703999680000000e-02 "top_layer" 2.0214429979999998e-01 3.5893997300000001e-02 "top_layer" 0
0 1.9142759783999999e-01 1.1395477925092323e-02 "top_layer" 1.9142759783999999e-01 1.2147908140000000e-02 "top_layer" 0
0 1.9142759783999999e-01 -1.1620474599999999e-03 "top_layer" 1.9142759783999999e-01 1.1395477925092323e-02 "top_layer" 0
0 1.8888759784000000e-01 -1.3596137400000000e-03 "top_layer" 1.8888759784000000e-01 -1.1665305600000000e-03 "top_layer" 0
0 1.8634759783999999e-01 -1.1665305600000000e-03 "top_layer" 1.8634759783999999e-01 1.2738597839999999e-02 "top_layer" 0
0 1.8634759783999999e-01 -1.3596137400000000e-03 "top_layer" 1.8634759783999999e-01 -1.1665305600000000e-03 "top_layer" 0
0 1.8008600000000000e-01 4.2036999999999998e-02 "top_layer" 1.8008600000000000e-01 4.4610738820000002e-02 "top_layer" 0
0 1.5955234027999998e-01 3.2410001219999998e-02 "top_layer" 1.5955234027999998e-01 3.4760001599999993e-02 "top_layer" 0
0 1.5955234027999998e-01 3.0060000839999997e-02 "top_layer" 1.5955234027999998e-01 3.2410001219999998e-02 "top_layer" 0
0 1.5953971140000001e-01 3.2422630100000002e-02 "top_layer" 1.5953971140000001e-01 3.5278288599999999e-02 "top_layer" 0
0 1.3750129980000000e-01 4.0291999679999996e-02 "top_layer" 1.3750129980000000e-01 4.2831999680000003e-02 "top_layer" 0
0 1.3750129980000000e-01 4.0291999679999996e-02 "bottom_layer" 1.3750129980000000e-01 4.2831999680000003e-02 "bottom_layer" 0
0 1.3750129980000000e-01 3.7751999679999995e-02 "top_layer" 1.3750129980000000e-01 4.0291999679999996e-02 "top_layer" 0
0 1.3750129980000000e-01 3.7751999679999995e-02 "bottom_layer" 1.3750129980000000e-01 4.0291999679999996e-02 "bottom_layer" 0
0 1.3750129980000000e-01 2.7591999680000000e-02 "top_layer" 1.3750129980000000e-01 2.9142257372188601e-02 "top_layer" 0
0 1.3381829980000001e-01 3.8583732840000003e-02 "top_layer" 1.3381829980000001e-01 3.9033999909999999e-02 "top_layer" 0
0 1.3381829980000001e-01 3.8444266519999999e-02 "top_layer" 1.3381829980000001e-01 3.8583732840000003e-02 "top_layer" 0
0 1.3381829979999998e-01 3.4703999680000000e-02 "top_layer" 1.3381829979999998e-01 3.5893997300000001e-02 "top_layer" 0
0 1.2283330017999999e-01 1.1385471260000000e-02 "bottom_layer" 1.2283330017999999e-01 1.2130836799999999e-02 "bottom_layer" 0
0 1.2283330017999999e-01 -1.1620474599999999e-03 "bottom_layer" 1.2283330017999999e-01 1.1385471260000000e-02 "bottom_layer" 0
0 1.2026789764000000e-01 -1.3596137400000000e-03 "bottom_layer" 1.2026789764000000e-01 -1.1665305600000000e-03 "bottom_layer" 0
0 1.1772789764000000e-01 -1.1665305600000000e-03 "bottom_layer" 1.1772789764000000e-01 1.2698897639999998e-02 "bottom_layer" 0
0 1.1772789764000000e-01 -1.3596137400000000e-03 "bottom_layer" 1.1772789764000000e-01 -1.1665305600000000e-03 "bottom_layer" 0
0 1.1176725931999999e-01 4.2029740679999997e-02 "top_layer" 1.1176725931999999e-01 4.4617998139999997e-02 "top_layer" 0
0 1.1074400000000000e-01 9.1717530559999996e-02 "bottom_layer" 1.1074400000000000e-01 9.1920047300000002e-02 "bottom_layer" 0
0 1.1074400000000000e-01 8.8049225133901565e-02 "bottom_layer" 1.1074400000000000e-01 9.1717530559999996e-02 "bottom_layer" 0
0 1.1074400000000000e-01 8.7310868050000004e-02 "bottom_layer" 1.1074400000000000e-01 8.8049225133901565e-02 "bottom_layer" 0
0 1.0820399999999999e-01 9.1717530559999996e-02 "bottom_layer" 1.0820399999999999e-01 9.1920047300000002e-02 "bottom_layer" 0
0 1.0820399999999999e-01 8.6217000540000005e-02 "bottom_layer" 1.0820399999999999e-01 9.1717530559999996e-02 "bottom_layer" 0
0 1.0566399999999999e-01 8.6232999999999990e-02 "top_layer" 1.0566399999999999e-01 9.1713047460000002e-02 "top_layer" 0
0 9.1220340799999994e-02 3.2410001219999998e-02 "top_layer" 9.1220340799999994e-02 3.5271659200000000e-02 "top_layer" 0
0 9.1220340799999994e-02 3.0060000839999997e-02 "top_layer" 9.1220340799999994e-02 3.2410001219999998e-02 "top_layer" 0
0 6.9175299800000006e-02 4.0291999679999996e-02 "top_layer" 6.9175299800000006e-02 4.2831999680000003e-02 "top_layer" 0
0 6.9175299800000006e-02 4.0291999679999996e-02 "bottom_layer" 6.9175299800000006e-02 4.2831999680000003e-02 "bottom_layer" 0
0 6.9175299800000006e-02 3.7751999679999995e-02 "top_layer" 6.9175299800000006e-02 4.0291999679999996e-02 "top_layer" 0
0 6.9175299800000006e-02 3.7751999679999995e-02 "bottom_layer" 6.9175299800000006e-02 4.0291999679999996e-02 "bottom_layer" 0
0 6.9175299800000006e-02 2.7591999680000000e-02 "top_layer" 6.9175299800000006e-02 2.9142257372188601e-02 "top_layer" 0
0 6.5479345800000005e-02 3.8444266519999999e-02 "top_layer" 6.5479345800000005e-02 3.8583732840000003e-02 "top_layer" 0
0 6.5479345799999991e-02 3.4703999680000000e-02 "top_layer" 6.5479345799999991e-02 3.5893997300000001e-02 "top_layer" 0
0 5.4608897640000001e-02 -1.1780469200000001e-03 "bottom_layer" 5.4608897640000001e-02 -1.1749989200000000e-03 "bottom_layer" 0
0 5.2068897640000000e-02 -1.1665305600000000e-03 "bottom_layer" 5.2068897640000000e-02 1.3079897639999999e-02 "bottom_layer" 0
0 5.2068897640000000e-02 -1.3690473000000001e-03 "bottom_layer" 5.2068897640000000e-02 -1.1665305600000000e-03 "bottom_layer" 0
0 4.9528897640000000e-02 -1.3690473000000001e-03 "bottom_layer" 4.9528897640000000e-02 -1.1665305600000000e-03 "bottom_layer" 0
0 4.3428305319999999e-02 4.4617998139999997e-02 "top_layer" 4.3428305319999999e-02 4.6967998519999991e-02 "top_layer" 0
0 4.3428305319999999e-02 4.2169694680000001e-02 "top_layer" 4.3428305319999999e-02 4.4617998139999997e-02 "top_layer" 0
0 2.2913294280000000e-02 3.5396866593062903e-02 "top_layer" 2.2913294280000000e-02 3.5633705720000006e-02 "top_layer" 0
0 2.2913294280000000e-02 3.2410001219999998e-02 "top_layer" 2.2913294280000000e-02 3.5396866593062903e-02 "top_layer" 0
0 8.6225380000000407e-04 3.7751999679999995e-02 "top_layer" 8.6225380000000407e-04 4.0291999679999996e-02 "top_layer" 0
0 8.6225380000000407e-04 3.7751999679999995e-02 "bottom_layer" 8.6225380000000407e-04 4.0291999679999996e-02 "bottom_layer" 0
0 8.6225380000000407e-04 2.7591999680000000e-02 "top_layer" 8.6225380000000407e-04 3.0131999680000000e-02 "top_layer" 0
0 8.6225380000000407e-04 2.7591999680000000e-02 "bottom_layer" 8.6225380000000407e-04 3.0131999680000000e-02 "bottom_layer" 0
0 1.2026789764000000e-01 -1.1665305600000000e-03 "bottom_layer" 1.2026789764000001e-01 1.3079897639999999e-02 "bottom_layer" 0
0 2.2913294279999996e-02 3.0060000839999997e-02 "top_layer" 2.2913294280000000e-02 3.2410001219999998e-02 "top_layer" 0
0 5.4608897639999994e-02 1.1387973238989183e-02 "bottom_layer" 5.4608897640000001e-02 1.2124770010000001e-02 "bottom_layer" 0
0 1.8009325932000000e-01 4.2267997759999995e-02 "top_layer" 1.8009325932000003e-01 4.4617998139999997e-02 "top_layer" 0
0 6.5479345799999991e-02 3.7243999680000001e-02 "top_layer" 6.5479345800000005e-02 3.8444266519999999e-02 "top_layer" 0
0 1.3381829979999998e-01 3.7243999680000001e-02 "top_layer" 1.3381829980000001e-01 3.8444266519999999e-02 "top_layer" 0
0 6.5479345799999991e-02 3.5893997300000001e-02 "top_layer" 6.5479345800000005e-02 3.6043732840000002e-02 "top_layer" 0
0 2.0214429979999998e-01 3.5893997300000001e-02 "top_layer" 2.0214429980000001e-01 3.6043732840000002e-02 "top_layer" 0
0 1.3381829979999998e-01 3.5893997300000001e-02 "top_layer" 1.3381829980000001e-01 3.6043732840000002e-02 "top_layer" 0
0 1.2132952663966901e-01 1.4141526639668998e-02 "bottom_layer" 1.2172603797999999e-01 1.4538037980000000e-02 "bottom_layer" 0
0 1.8976590245375780e-01 1.6156902453757799e-02 "top_layer" 1.9058500109999998e-01 1.6976001099999999e-02 "top_layer" 0
0 3.6830025399999995e-03 8.6741002539999987e-02 "bottom_layer" 6.2229999999999994e-03 8.9281000000000013e-02 "bottom_layer" 0
0 1.2026789764000001e-01 1.3079897639999999e-02 "bottom_layer" 1.2132952663966901e-01 1.4141526639668998e-02 "bottom_layer" 0
0 5.2068897640000000e-02 1.3079897639999999e-02 "bottom_layer" 5.3130526639669003e-02 1.4141526639669005e-02 "bottom_layer" 0
0 1.7314202100000000e-03 3.3862420210000001e-02 "top_layer" 4.5720000000000005e-03 3.6703000000000006e-02 "top_layer" 0
0 7.1237588029999993e-02 3.4734287910000002e-02 "top_layer" 7.3079300119999996e-02 3.6576000000000004e-02 "top_layer" 0
0 5.3130526639669003e-02 1.4141526639669005e-02 "bottom_layer" 5.3526684919999998e-02 1.4537684920000000e-02 "bottom_layer" 0
0 5.2969662886735436e-02 1.6393662886735438e-02 "bottom_layer" 5.3475836659999998e-02 1.6899836660000001e-02 "bottom_layer" 0
0 4.9528897639999993e-02 1.2952897639999999e-02 "bottom_layer" 5.2969662886735436e-02 1.6393662886735438e-02 "bottom_layer" 0
0 1.8634759783999999e-01 1.2738597839999999e-02 "top_layer" 1.8976590245375780e-01 1.6156902453757799e-02 "top_layer" 0
0 1.1772789764000000e-01 1.2698897639999998e-02 "bottom_layer" 1.2124279365067457e-01 1.6213793650674567e-02 "bottom_layer" 0
0 2.7869781699999999e-02 8.0574781700000001e-02 "bottom_layer" 2.8955999999999999e-02 8.1660999999999997e-02 "bottom_layer" 0
0 1.3956358802999999e-01 3.4734287910000002e-02 "top_layer" 1.4127830012000001e-01 3.6449000000000009e-02 "top_layer" 0
0 1.2124279365067457e-01 1.6213793650674567e-02 "bottom_layer" 1.2200500110000001e-01 1.6976001099999999e-02 "bottom_layer" 0
0 1.8888759783999998e-01 1.3246597840000001e-02 "top_layer" 1.8980839823036560e-01 1.4167398230365603e-02 "top_layer" 0
0 5.4558135739999992e-02 1.6899836660000001e-02 "bottom_layer" 5.4634300179999998e-02 1.6976001099999999e-02 "bottom_layer" 0
0 1.8980839823036560e-01 1.4167398230365603e-02 "top_layer" 1.9020442329062501e-01 1.4563423290624799e-02 "top_layer" 0
0 1.8008600000000000e-01 4.4610738820000002e-02 "top_layer" 1.8009325932000003e-01 4.4617998139999997e-02 "top_layer" 0
0 4.5723987799999996e-03 8.1660601219999990e-02 "bottom_layer" 6.3751129800000000e-03 8.1660601220000004e-02 "bottom_layer" 0
0 -1.2700025399999999e-03 8.6741002539999987e-02 "bottom_layer" 7.3846690000000000e-04 8.6741002540000001e-02 "bottom_layer" 0
0 7.4288299480000014e-02 3.2638999999999994e-02 "bottom_layer" 7.9308261500000005e-02 3.2639000000000001e-02 "bottom_layer" 0
0 5.4672534799999999e-03 3.3146999999999996e-02 "bottom_layer" 1.1001214980000000e-02 3.3147000000000003e-02 "bottom_layer" 0
0 1.4782184431000001e-01 3.6449000000000002e-02 "top_layer" 1.5836900000000001e-01 3.6449000000000009e-02 "top_layer" 0
0 7.9241844310000004e-02 3.6575999999999997e-02 "top_layer" 8.9915999999999996e-02 3.6576000000000004e-02 "top_layer" 0
0 1.0661844310000000e-02 3.6703000000000000e-02 "top_layer" 2.1843999999999999e-02 3.6703000000000006e-02 "top_layer" 0
0 2.0120372219971225e-01 4.0513000000000000e-02 "top_layer" 2.0141529948000000e-01 4.0513000000000000e-02 "top_layer" 0
0 1.9314184383999999e-01 4.0513000000000000e-02 "top_layer" 2.0120372219971225e-01 4.0513000000000000e-02 "top_layer" 0
0 1.9058500109999998e-01 1.6976001099999999e-02 "top_layer" 1.9132600038000003e-01 1.6976001099999999e-02 "top_layer" 0
0 1.8160999999999999e-01 4.0513000000000000e-02 "top_layer" 1.9177615569000001e-01 4.0513000000000000e-02 "top_layer" 0
0 1.4945234143000000e-01 3.3020000000000001e-02 "bottom_layer" 1.4989967887332800e-01 3.3020000000000001e-02 "bottom_layer" 0
0 1.4865234049010961e-01 3.3020000000000001e-02 "bottom_layer" 1.4945234143000000e-01 3.3020000000000001e-02 "bottom_layer" 0
0 1.4764026097999999e-01 3.3020000000000001e-02 "bottom_layer" 1.4865234049010961e-01 3.3020000000000001e-02 "bottom_layer" 0
0 1.4223329947999999e-01 3.3020000000000001e-02 "bottom_layer" 1.4764026097999999e-01 3.3020000000000001e-02 "bottom_layer" 0
0 1.4127830012000001e-01 3.6449000000000009e-02 "top_layer" 1.4164641368584424e-01 3.6449000000000009e-02 "top_layer" 0
0 1.3287772219971225e-01 4.0513000000000000e-02 "top_layer" 1.3308929948000001e-01 4.0513000000000000e-02 "top_layer" 0
0 1.2494284384000000e-01 4.0513000000000000e-02 "top_layer" 1.3287772219971225e-01 4.0513000000000000e-02 "top_layer" 0
0 1.2200500110000001e-01 1.6976001099999999e-02 "bottom_layer" 1.2283330017999999e-01 1.6976001099999999e-02 "bottom_layer" 0
0 1.1328400000000000e-01 4.0513000000000000e-02 "top_layer" 1.2357715569000000e-01 4.0513000000000000e-02 "top_layer" 0
0 1.0934699999999999e-01 8.2549999999999998e-02 "top_layer" 1.0979462801000001e-01 8.2549999999999998e-02 "top_layer" 0
0 8.1120341949999994e-02 3.2639000000000001e-02 "bottom_layer" 8.1534009466592297e-02 3.2639000000000001e-02 "bottom_layer" 0
0 8.0320340200156062e-02 3.2639000000000001e-02 "bottom_layer" 8.1120341949999994e-02 3.2639000000000001e-02 "bottom_layer" 0
0 7.9308261500000005e-02 3.2639000000000001e-02 "bottom_layer" 8.0320340200156062e-02 3.2639000000000001e-02 "bottom_layer" 0
0 7.3079300119999996e-02 3.6576000000000004e-02 "top_layer" 7.3193413456173556e-02 3.6576000000000004e-02 "top_layer" 0
0 6.4441316362014167e-02 4.0385999999999998e-02 "top_layer" 6.4877345480000001e-02 4.0385999999999998e-02 "top_layer" 0
0 5.6870843839999997e-02 4.0385999999999998e-02 "top_layer" 6.4441316362014167e-02 4.0385999999999998e-02 "top_layer" 0
0 5.3475836659999998e-02 1.6899836660000001e-02 "bottom_layer" 5.4558135739999992e-02 1.6899836660000001e-02 "bottom_layer" 0
0 4.5212000000000002e-02 4.0385999999999998e-02 "top_layer" 5.5505155690000002e-02 4.0385999999999998e-02 "top_layer" 0
0 1.2813295430000000e-02 3.3147000000000003e-02 "bottom_layer" 1.3207989279878599e-02 3.3147000000000003e-02 "bottom_layer" 0
0 1.2013294490180128e-02 3.3147000000000003e-02 "bottom_layer" 1.2813295430000000e-02 3.3147000000000003e-02 "bottom_layer" 0
0 1.1001214980000000e-02 3.3147000000000003e-02 "bottom_layer" 1.2013294490180128e-02 3.3147000000000003e-02 "bottom_layer" 0
0 6.3751129800000000e-03 8.9280999999999999e-02 "bottom_layer" 7.3999614276649998e-03 8.9280999999999999e-02 "bottom_layer" 0
0 6.3751129800000000e-03 8.1660601220000004e-02 "bottom_layer" 7.3999614276649998e-03 8.1660601220000004e-02 "bottom_layer" 0
0 4.5720000000000005e-03 3.6703000000000006e-02 "top_layer" 4.7533661599999857e-03 3.6703000000000006e-02 "top_layer" 0
0 7.2999854000000005e-04 8.4201002539999986e-02 "bottom_layer" 2.0319974599999997e-03 8.4201002539999986e-02 "bottom_layer" 0
0 -1.2700025399999999e-03 8.4201002539999986e-02 "bottom_layer" 7.2999854000000005e-04 8.4201002539999986e-02 "bottom_layer" 0
0 1.4164641368584424e-01 3.6449000000000009e-02 "top_layer" 1.4645615615999999e-01 3.6449000000000002e-02 "top_layer" 0
0 7.3193413456173556e-02 3.6576000000000004e-02 "top_layer" 7.7876156160000001e-02 3.6575999999999997e-02 "top_layer" 0
0 4.7533661599999857e-03 3.6703000000000006e-02 "top_layer" 9.2961561599999992e-03 3.6703000000000000e-02 "top_layer" 0
0 7.3846690000000000e-04 8.6741002540000001e-02 "bottom_layer" 3.6830025399999995e-03 8.6741002539999987e-02 "bottom_layer" 0
0 6.2229999999999994e-03 8.9281000000000013e-02 "bottom_layer" 6.3751129800000000e-03 8.9280999999999999e-02 "bottom_layer" 0
0 1.0998200000000000e-01 8.4439000540000003e-02 "bottom_layer" 1.1080800037999999e-01 8.4375000160000005e-02 "bottom_layer" 0
0 7.0596356139999997e-02 3.6330943339999998e-02 "bottom_layer" 7.0716808020000008e-02 3.6210491460000001e-02 "bottom_layer" 0
0 1.9122842373999999e-01 4.1943576259999997e-02 "top_layer" 1.9169331232000000e-01 4.1478687680000001e-02 "top_layer" 0
0 1.4103979157999999e-01 3.4213507899999995e-02 "bottom_layer" 1.4223329947999999e-01 3.3020000000000001e-02 "bottom_layer" 0
0 1.3750129980000000e-01 3.7751999679999995e-02 "bottom_layer" 1.3892235614000001e-01 3.6330943339999998e-02 "bottom_layer" 0
0 1.1176725931999999e-01 4.2029740679999997e-02 "top_layer" 1.1328400000000000e-01 4.0513000000000000e-02 "top_layer" 0
0 2.0319974599999997e-03 8.4201002539999986e-02 "bottom_layer" 4.5723987799999996e-03 8.1660601219999990e-02 "bottom_layer" 0
0 1.8008600000000000e-01 4.2036999999999998e-02 "top_layer" 1.8160999999999999e-01 4.0513000000000000e-02 "top_layer" 0
0 1.5836900000000001e-01 3.6449000000000009e-02 "top_layer" 1.5896822997842477e-01 3.5849770021575245e-02 "top_layer" 0
0 1.3904280801999999e-01 3.6210491459999994e-02 "bottom_layer" 1.4103979157999999e-01 3.4213507899999995e-02 "bottom_layer" 0
0 1.2296592374000000e-01 4.2007076259999998e-02 "top_layer" 1.2349431231999999e-01 4.1478687680000001e-02 "top_layer" 0
0 1.0924058780968916e-01 8.5180412730310837e-02 "bottom_layer" 1.0946079531142500e-01 8.4960205228575003e-02 "bottom_layer" 0
0 1.0890800036999998e-01 8.2988999630000004e-02 "top_layer" 1.0934699999999999e-01 8.2549999999999998e-02 "top_layer" 0
0 1.0820399999999999e-01 8.6217000540000005e-02 "bottom_layer" 1.0924058780968916e-01 8.5180412730310837e-02 "bottom_layer" 0
0 1.0800799962999999e-01 8.3889000369999994e-02 "top_layer" 1.0890800036999998e-01 8.2988999630000004e-02 "top_layer" 0
0 1.0690799928999999e-01 8.4989000709999998e-02 "top_layer" 1.0800799962999999e-01 8.3889000369999994e-02 "top_layer" 0
0 1.0590800001999999e-01 8.5988999979999994e-02 "top_layer" 1.0690799928999999e-01 8.4989000709999998e-02 "top_layer" 0
0 1.0566399999999999e-01 8.6232999999999990e-02 "top_layer" 1.0590800001999999e-01 8.5988999979999994e-02 "top_layer" 0
0 8.9915999999999996e-02 3.6576000000000004e-02 "top_layer" 9.1206052913382560e-02 3.5285947086617440e-02 "top_layer" 0
0 7.9324687680000006e-02 3.5610312319999997e-02 "top_layer" 7.9967876640000005e-02 3.4967123359999998e-02 "top_layer" 0
0 7.2713791580000006e-02 3.4213507900000002e-02 "bottom_layer" 7.4288299480000014e-02 3.2638999999999994e-02 "bottom_layer" 0
0 7.0716808020000008e-02 3.6210491460000001e-02 "bottom_layer" 7.2713791580000006e-02 3.4213507900000002e-02 "bottom_layer" 0
0 5.4696946740000002e-02 4.2077053259999997e-02 "top_layer" 5.5422312320000000e-02 4.1351687679999999e-02 "top_layer" 0
0 4.3428305319999999e-02 4.2169694680000001e-02 "top_layer" 4.5212000000000002e-02 4.0385999999999998e-02 "top_layer" 0
0 2.1843999999999999e-02 3.6703000000000006e-02 "top_layer" 2.2913294280000000e-02 3.5633705720000006e-02 "top_layer" 0
0 1.0744687680000000e-02 3.5737312319999999e-02 "top_layer" 1.1325321519999997e-02 3.5156678480000002e-02 "top_layer" 0
0 4.2401185199999990e-03 3.4374134959999997e-02 "bottom_layer" 5.4672534799999999e-03 3.3146999999999996e-02 "bottom_layer" 0
0 8.6225380000000407e-04 3.7751999679999995e-02 "bottom_layer" 4.2401185199999990e-03 3.4374134959999997e-02 "bottom_layer" 0
0 6.9175299800000006e-02 3.7751999679999995e-02 "bottom_layer" 7.0596356139999997e-02 3.6330943339999998e-02 "bottom_layer" 0
0 1.1325321519999997e-02 3.5156678480000002e-02 "top_layer" 1.1587853380000001e-02 3.4894146619999997e-02 "top_layer" 0
0 6.4877345480000001e-02 4.0385999999999998e-02 "top_layer" 6.5479345799999991e-02 3.9783999680000001e-02 "top_layer" 0
0 1.5896822997842477e-01 3.5849770021575245e-02 "top_layer" 1.5953971140000001e-01 3.5278288599999999e-02 "top_layer" 0
0 1.4790468768000001e-01 3.5483312320000002e-02 "top_layer" 1.4836037637999999e-01 3.5027623619999997e-02 "top_layer" 0
0 1.3892235614000001e-01 3.6330943339999998e-02 "bottom_layer" 1.3904280801999999e-01 3.6210491459999994e-02 "bottom_layer" 0
0 9.1206052913382560e-02 3.5285947086617440e-02 "top_layer" 9.1220340799999994e-02 3.5271659200000000e-02 "top_layer" 0
0 1.5953971140000001e-01 3.2422630100000002e-02 "top_layer" 1.5955234027999998e-01 3.2410001219999998e-02 "top_layer" 0
0 1.3381829980000001e-01 3.6043732840000002e-02 "top_layer" 1.3381829979999998e-01 3.7243999680000001e-02 "top_layer" 0
0 1.8009325932000003e-01 4.4617998139999997e-02 "top_layer" 1.8009325932000000e-01 4.6967998519999991e-02 "top_layer" 0
0 6.5479345800000005e-02 3.8583732840000003e-02 "top_layer" 6.5479345799999991e-02 3.9783999680000001e-02 "top_layer" 0
0 6.5479345800000005e-02 3.6043732840000002e-02 "top_layer" 6.5479345799999991e-02 3.7243999680000001e-02 "top_layer" 0
0 1.1176725931999999e-01 4.4617998139999997e-02 "top_layer" 1.1176725931999998e-01 4.6967998519999991e-02 "top_layer" 0
0 1.8888759784000000e-01 -1.1665305600000000e-03 "top_layer" 1.8888759783999998e-01 1.3246597840000001e-02 "top_layer" 0
0 8.6225380000000407e-04 4.0291999679999996e-02 "top_layer" 8.6225379999999995e-04 4.2831999680000003e-02 "top_layer" 0
0 8.6225380000000407e-04 4.0291999679999996e-02 "bottom_layer" 8.6225379999999995e-04 4.2831999680000003e-02 "bottom_layer" 0
0 8.6225380000000407e-04 3.0131999680000000e-02 "top_layer" 8.6225380000000103e-04 3.1921999909999998e-02 "top_layer" 0
0 8.6225380000000407e-04 3.0131999680000000e-02 "bottom_layer" 8.6225380000000103e-04 3.1921999909999998e-02 "bottom_layer" 0
0 8.6225380000000103e-04 3.1921999909999998e-02 "bottom_layer" 8.6225379999999995e-04 3.2671999680000001e-02 "bottom_layer" 0
0 5.4608897640000001e-02 -1.1749989200000000e-03 "bottom_layer" 5.4608897639999994e-02 1.1387973238989183e-02 "bottom_layer" 0
0 4.9528897640000000e-02 -1.1665305600000000e-03 "bottom_layer" 4.9528897639999993e-02 1.2952897639999999e-02 "bottom_layer" 0
