#Layer_Color=32768
#
#Feature symbol names
#
$0 r5
$1 r3.937

#
#Feature attribute names
#
@0 .nomenclature
@1 .string
@2 .string_angle

#
#Feature attribute text strings
#

#
#Layer features
#
L -0.0009947 3.2650091 -0.0009947 3.5650091 0 P 0
L -0.0990235 3.2650091 -0.0009947 3.2650091 0 P 0
L -0.0990235 3.2650091 -0.0990235 3.5650091 0 P 0
L -0.0990235 3.5650091 -0.0009947 3.5650091 0 P 0
L 0.2975986 3.2961024 0.2975986 3.4338977 1 P 0
L 0.2975986 3.2961024 0.3724017 3.2961024 1 P 0
L 0.2975986 3.4338977 0.3724017 3.4338977 1 P 0
L 0.3724017 3.2961024 0.3724017 3.4338977 1 P 0
L 0.3875986 3.2961024 0.3875986 3.4338977 1 P 0
L 0.3875986 3.2961024 0.4624017 3.2961024 1 P 0
L 0.3875986 3.4338977 0.4624017 3.4338977 1 P 0
L 0.4624017 3.2961024 0.4624017 3.4338977 1 P 0
L 1.8999476 -0.0759946 2.1999476 -0.0759946 0 P 0
L 1.8999476 -0.1740234 1.8999476 -0.0759946 0 P 0
L 1.8999476 -0.1740234 2.1999476 -0.1740234 0 P 0
L 2.1925983 0.4861023 2.1925983 0.6238976 1 P 0
L 2.1925983 0.4861023 2.2674014 0.4861023 1 P 0
L 2.1925983 0.6238976 2.2674014 0.6238976 1 P 0
L 2.1999476 -0.1740234 2.1999476 -0.0759946 0 P 0
L 2.2674014 0.4861023 2.2674014 0.6238976 1 P 0
L 2.2725983 0.4861023 2.2725983 0.6238976 1 P 0
L 2.2725983 0.4861023 2.3474014 0.4861023 1 P 0
L 2.2725983 0.6238976 2.3474014 0.6238976 1 P 0
L 2.3474014 0.4861023 2.3474014 0.6238976 1 P 0
L 4.110009 3.6409946 4.110009 3.7390234 0 P 0
L 4.110009 3.6409946 4.410009 3.6409946 0 P 0
L 4.110009 3.7390234 4.410009 3.7390234 0 P 0
L 4.1575983 3.2161023 4.1575983 3.3538976 1 P 0
L 4.1575983 3.2161023 4.2324014 3.2161023 1 P 0
L 4.1575983 3.3538976 4.2324014 3.3538976 1 P 0
L 4.2324014 3.2161023 4.2324014 3.3538976 1 P 0
L 4.2375983 3.2161023 4.2375983 3.3538976 1 P 0
L 4.2375983 3.2161023 4.3124014 3.2161023 1 P 0
L 4.2375983 3.3538976 4.3124014 3.3538976 1 P 0
L 4.3124014 3.2161023 4.3124014 3.3538976 1 P 0
L 4.410009 3.6409946 4.410009 3.7390234 0 P 0
L 4.5849476 -0.0759946 4.8849476 -0.0759946 0 P 0
L 4.5849476 -0.1740234 4.5849476 -0.0759946 0 P 0
L 4.5849476 -0.1740234 4.8849476 -0.1740234 0 P 0
L 4.8775983 0.4861023 4.8775983 0.6238976 1 P 0
L 4.8775983 0.4861023 4.9524014 0.4861023 1 P 0
L 4.8775983 0.6238976 4.9524014 0.6238976 1 P 0
L 4.8849476 -0.1740234 4.8849476 -0.0759946 0 P 0
L 4.9524014 0.4861023 4.9524014 0.6238976 1 P 0
L 4.9575983 0.4861023 4.9575983 0.6238976 1 P 0
L 4.9575983 0.4861023 5.0324014 0.4861023 1 P 0
L 4.9575983 0.6238976 5.0324014 0.6238976 1 P 0
L 5.0324014 0.4861023 5.0324014 0.6238976 1 P 0
L 7.2865106 -0.0759946 7.5865106 -0.0759946 0 P 0
L 7.2865106 -0.1740234 7.2865106 -0.0759946 0 P 0
L 7.2865106 -0.1740234 7.5865106 -0.1740234 0 P 0
L 7.5825986 0.4861023 7.5825986 0.6238976 1 P 0
L 7.5825986 0.4861023 7.6574017 0.4861023 1 P 0
L 7.5825986 0.6238976 7.6574017 0.6238976 1 P 0
L 7.5865106 -0.1740234 7.5865106 -0.0759946 0 P 0
L 7.6574017 0.4861023 7.6574017 0.6238976 1 P 0
L 7.6675986 0.4861023 7.6675986 0.6238976 1 P 0
L 7.6675986 0.4861023 7.7424017 0.4861023 1 P 0
L 7.6675986 0.6238976 7.7424017 0.6238976 1 P 0
L 7.7424017 0.4861023 7.7424017 0.6238976 1 P 0
