#Layer_Color=32768
#
#Feature symbol names
#
$0 r5
$1 r3.937
$2 r1.9685

#
#Feature attribute names
#

#
#Layer features
#
L -0.0009947 3.2650091 -0.0009947 3.5650091 0 P 0
L -0.05 3.4051575 -0.05 3.4248425 1 P 0
L -0.0598425 3.415 -0.0401575 3.415 1 P 0
L -0.0990235 3.2650091 -0.0009947 3.2650091 0 P 0
L -0.0990235 3.2650091 -0.0990235 3.5650091 0 P 0
L -0.0990235 3.5650091 -0.0009947 3.5650091 0 P 0
L 0.2975986 3.2961024 0.2975986 3.4338977 1 P 0
L 0.2975986 3.2961024 0.3724017 3.2961024 1 P 0
L 0.2975986 3.4338977 0.3724017 3.4338977 1 P 0
L 0.3281102 3.365 0.3418898 3.365 2 P 0
L 0.335 3.3581102 0.335 3.3718898 2 P 0
L 0.3724017 3.2961024 0.3724017 3.4338977 1 P 0
L 0.3875986 3.2961024 0.3875986 3.4338977 1 P 0
L 0.3875986 3.2961024 0.4624017 3.2961024 1 P 0
L 0.3875986 3.4338977 0.4624017 3.4338977 1 P 0
L 0.4181102 3.365 0.4318898 3.365 2 P 0
L 0.425 3.3581102 0.425 3.3718898 2 P 0
L 0.4624017 3.2961024 0.4624017 3.4338977 1 P 0
L 1.8999476 -0.0759946 2.1999476 -0.0759946 0 P 0
L 1.8999476 -0.1740234 1.8999476 -0.0759946 0 P 0
L 1.8999476 -0.1740234 2.1999476 -0.1740234 0 P 0
L 2.0401142 -0.1249999 2.0597992 -0.1249999 1 P 0
L 2.0499567 -0.1348424 2.0499567 -0.1151574 1 P 0
L 2.1925983 0.4861023 2.1925983 0.6238976 1 P 0
L 2.1925983 0.4861023 2.2674014 0.4861023 1 P 0
L 2.1925983 0.6238976 2.2674014 0.6238976 1 P 0
L 2.1999476 -0.1740234 2.1999476 -0.0759946 0 P 0
L 2.2231102 0.555 2.2368898 0.555 2 P 0
L 2.23 0.5481102 2.23 0.5618898 2 P 0
L 2.2674014 0.4861023 2.2674014 0.6238976 1 P 0
L 2.2725983 0.4861023 2.2725983 0.6238976 1 P 0
L 2.2725983 0.4861023 2.3474014 0.4861023 1 P 0
L 2.2725983 0.6238976 2.3474014 0.6238976 1 P 0
L 2.3031102 0.555 2.3168898 0.555 2 P 0
L 2.31 0.5481102 2.31 0.5618898 2 P 0
L 2.3474014 0.4861023 2.3474014 0.6238976 1 P 0
L 4.110009 3.6409946 4.110009 3.7390234 0 P 0
L 4.110009 3.6409946 4.410009 3.6409946 0 P 0
L 4.110009 3.7390234 4.410009 3.7390234 0 P 0
L 4.1575983 3.2161023 4.1575983 3.3538976 1 P 0
L 4.1575983 3.2161023 4.2324014 3.2161023 1 P 0
L 4.1575983 3.3538976 4.2324014 3.3538976 1 P 0
L 4.1881102 3.285 4.2018898 3.285 2 P 0
L 4.195 3.2781102 4.195 3.2918898 2 P 0
L 4.2324014 3.2161023 4.2324014 3.3538976 1 P 0
L 4.2375983 3.2161023 4.2375983 3.3538976 1 P 0
L 4.2375983 3.2161023 4.3124014 3.2161023 1 P 0
L 4.2375983 3.3538976 4.3124014 3.3538976 1 P 0
L 4.2501574 3.6899999 4.2698424 3.6899999 1 P 0
L 4.2599999 3.6801574 4.2599999 3.6998424 1 P 0
L 4.2681102 3.285 4.2818898 3.285 2 P 0
L 4.275 3.2781102 4.275 3.2918898 2 P 0
L 4.3124014 3.2161023 4.3124014 3.3538976 1 P 0
L 4.410009 3.6409946 4.410009 3.7390234 0 P 0
L 4.5849476 -0.0759946 4.8849476 -0.0759946 0 P 0
L 4.5849476 -0.1740234 4.5849476 -0.0759946 0 P 0
L 4.5849476 -0.1740234 4.8849476 -0.1740234 0 P 0
L 4.7251142 -0.1249999 4.7447992 -0.1249999 1 P 0
L 4.7349567 -0.1348424 4.7349567 -0.1151574 1 P 0
L 4.8775983 0.4861023 4.8775983 0.6238976 1 P 0
L 4.8775983 0.4861023 4.9524014 0.4861023 1 P 0
L 4.8775983 0.6238976 4.9524014 0.6238976 1 P 0
L 4.8849476 -0.1740234 4.8849476 -0.0759946 0 P 0
L 4.9081102 0.555 4.9218898 0.555 2 P 0
L 4.915 0.5481102 4.915 0.5618898 2 P 0
L 4.9524014 0.4861023 4.9524014 0.6238976 1 P 0
L 4.9575983 0.4861023 4.9575983 0.6238976 1 P 0
L 4.9575983 0.4861023 5.0324014 0.4861023 1 P 0
L 4.9575983 0.6238976 5.0324014 0.6238976 1 P 0
L 4.9881102 0.555 5.0018898 0.555 2 P 0
L 4.995 0.5481102 4.995 0.5618898 2 P 0
L 5.0324014 0.4861023 5.0324014 0.6238976 1 P 0
L 7.2865106 -0.0759946 7.5865106 -0.0759946 0 P 0
L 7.2865106 -0.1740234 7.2865106 -0.0759946 0 P 0
L 7.2865106 -0.1740234 7.5865106 -0.1740234 0 P 0
L 7.4266772 -0.1249999 7.4463622 -0.1249999 1 P 0
L 7.4365197 -0.1348424 7.4365197 -0.1151574 1 P 0
L 7.5825986 0.4861023 7.5825986 0.6238976 1 P 0
L 7.5825986 0.4861023 7.6574017 0.4861023 1 P 0
L 7.5825986 0.6238976 7.6574017 0.6238976 1 P 0
L 7.5865106 -0.1740234 7.5865106 -0.0759946 0 P 0
L 7.6131102 0.555 7.6268898 0.555 2 P 0
L 7.62 0.5481102 7.62 0.5618898 2 P 0
L 7.6574017 0.4861023 7.6574017 0.6238976 1 P 0
L 7.6675986 0.4861023 7.6675986 0.6238976 1 P 0
L 7.6675986 0.4861023 7.7424017 0.4861023 1 P 0
L 7.6675986 0.6238976 7.7424017 0.6238976 1 P 0
L 7.6981102 0.555 7.7118898 0.555 2 P 0
L 7.705 0.5481102 7.705 0.5618898 2 P 0
L 7.7424017 0.4861023 7.7424017 0.6238976 1 P 0
